15.7
20.699999999999996
31.8
18.0
16.599999999999998
8.399999999999999
19.9
13.599999999999998
12.399999999999999
24.699999999999996
13.399999999999997
9.2
14.199999999999998
38.099999999999994
16.299999999999997
7.899999999999999
16.3
12.7
31.699999999999996
10.9
12.700000000000001
15.599999999999998
20.799999999999997
9.7
8.399999999999999
24.9
34.3
31.599999999999998
20.3
11.799999999999999
38.8
10.2
26.9
13.6
14.5
23.9
5.8999999999999995
13.599999999999998
12.899999999999999
21.199999999999996
8.499999999999998
10.7
24.5
17.199999999999996
9.5
11.2
37.0
15.399999999999999
7.699999999999999
14.5
19.5
14.299999999999999
10.0
20.099999999999998
13.899999999999999
21.9
22.499999999999996
22.499999999999996
19.9
8.599999999999998
24.0
16.799999999999997
10.6
13.5
9.1
4.6
35.39999999999999
17.599999999999998
2.4
27.299999999999997
10.599999999999998
16.7
12.099999999999998
18.9
9.599999999999998
20.4
27.799999999999997
22.599999999999998
13.099999999999998
7.699999999999999
17.5
23.9
6.500000000000001
20.299999999999997
17.4
15.399999999999999
15.599999999999998
10.8
22.599999999999998
15.399999999999999
21.799999999999997
14.299999999999999
20.4
28.599999999999998
17.6
14.299999999999999
14.199999999999998
15.299999999999999
3.5999999999999996
