31.299999999999997
12.3
9.899999999999999
30.699999999999996
18.5
8.5
11.299999999999999
30.399999999999995
8.999999999999998
48.9
19.5
12.5
26.299999999999997
5.8
8.5
24.199999999999996
18.799999999999997
23.599999999999998
18.099999999999998
17.4
11.7
27.599999999999998
23.299999999999997
32.39999999999999
8.5
16.599999999999998
10.299999999999999
13.6
17.4
7.1
24.799999999999997
15.399999999999997
16.4
16.799999999999997
19.5
17.799999999999997
16.799999999999997
7.4
18.199999999999996
5.499999999999999
10.799999999999999
13.099999999999998
9.299999999999999
5.5
7.199999999999999
18.599999999999998
13.7
13.3
21.099999999999998
24.999999999999996
12.399999999999999
12.299999999999999
9.299999999999999
16.400000000000002
15.799999999999999
14.399999999999997
13.699999999999998
17.599999999999998
14.599999999999998
15.099999999999998
29.9
16.5
12.299999999999999
18.199999999999996
8.1
6.799999999999999
8.099999999999998
20.299999999999997
13.600000000000001
23.3
6.8
20.199999999999996
11.299999999999999
14.2
10.399999999999999
9.2
21.4
11.1
25.699999999999996
11.299999999999999
18.2
30.199999999999996
15.2
27.599999999999998
20.0
20.299999999999997
18.9
12.7
16.099999999999998
23.0
19.4
14.399999999999999
8.8
19.099999999999998
7.799999999999999
20.699999999999996
7.999999999999999
26.099999999999998
7.099999999999999
10.299999999999999
31.299999999999997
24.299999999999997
18.799999999999997
5.3999999999999995
9.6
9.0
11.999999999999998
9.5
9.9
20.9
16.3
7.8999999999999995
10.8
28.399999999999995
9.2
17.699999999999996
18.799999999999997
16.799999999999997
5.6
16.299999999999997
24.199999999999996
18.199999999999996
25.599999999999998
9.199999999999998
26.4
12.299999999999997
21.6
13.2
6.4
7.8999999999999995
7.1
