53.89999999999999
7.399999999999999
4.8999999999999995
9.399999999999999
7.299999999999999
6.599999999999999
8.5
3.0
13.799999999999999
11.200000000000001
8.2
5.1
12.100000000000001
7.299999999999999
25.299999999999997
10.0
7.199999999999999
21.299999999999997
8.0
5.0
9.7
14.9
6.1
4.1
11.599999999999998
4.1
10.6
5.3999999999999995
44.69999999999999
12.799999999999997
11.999999999999998
26.499999999999996
5.500000000000001
7.0
2.4
3.4999999999999996
8.399999999999999
19.199999999999996
5.1
5.799999999999999
10.399999999999999
11.799999999999999
33.39999999999999
14.099999999999998
3.9
9.899999999999999
33.199999999999996
5.6
16.899999999999995
9.599999999999998
8.1
3.9
25.299999999999997
20.099999999999994
6.0
26.999999999999993
4.199999999999999
11.299999999999999
4.999999999999999
6.099999999999999
11.099999999999998
9.0
7.5
4.6
18.499999999999996
11.599999999999998
7.1
5.0
5.8999999999999995
9.3
7.8999999999999995
13.599999999999998
4.199999999999999
24.099999999999998
7.599999999999999
4.8
10.0
28.1
6.6
5.599999999999999
3.0
8.899999999999999
3.8
13.799999999999997
13.999999999999998
17.999999999999996
11.599999999999998
13.2
17.299999999999997
14.5
10.299999999999999
7.399999999999999
37.49999999999999
5.1
8.200000000000001
3.4999999999999996
6.1
15.899999999999997
28.099999999999994
7.899999999999999
38.99999999999999
6.199999999999999
36.3
5.799999999999999
3.5
37.3
46.0
7.699999999999999
9.700000000000001
13.799999999999999
53.99999999999999
17.499999999999996
5.699999999999999
10.099999999999998
12.199999999999998
4.799999999999999
18.499999999999996
45.49999999999999
22.199999999999996
10.6
7.399999999999999
19.299999999999994
4.7
14.299999999999997
4.699999999999999
5.999999999999999
49.49999999999999
4.6
11.4
8.7
11.299999999999999
16.799999999999997
21.0
18.199999999999996
6.1
30.0
16.099999999999998
5.1
6.8999999999999995
10.7
30.199999999999996
3.8
6.799999999999999
18.1
15.299999999999997
6.199999999999999
12.499999999999998
5.5
9.799999999999999
8.0
4.199999999999999
7.099999999999999
5.199999999999999
5.499999999999999
11.1
2.8999999999999995
3.0999999999999996
11.7
8.2
6.299999999999999
4.4
7.3999999999999995
11.999999999999998
7.799999999999999
4.6
11.7
17.799999999999997
7.3
4.8
9.799999999999999
3.3999999999999995
19.9
4.8
3.4999999999999996
7.5
15.499999999999998
36.9
2.3
15.899999999999999
6.5
7.1
3.4999999999999996
6.599999999999999
5.5
7.699999999999999
4.4
7.0
4.3999999999999995
38.19999999999999
3.3000000000000003
6.3
16.799999999999997
15.899999999999999
7.6
6.4
7.8999999999999995
7.299999999999999
13.799999999999999
52.89999999999999
5.199999999999999
5.4
4.2
7.099999999999999
4.799999999999999
9.0
4.4
39.3
23.499999999999996
10.2
5.0
5.8999999999999995
3.1999999999999997
5.999999999999999
4.7
6.6
36.8
7.599999999999999
12.299999999999999
9.2
7.999999999999998
6.0
5.199999999999999
22.399999999999995
4.8999999999999995
9.799999999999999
12.0
12.799999999999997
5.3999999999999995
8.599999999999998
6.8
6.699999999999999
14.7
43.89999999999999
