49.999999999999986
13.999999999999998
6.0
4.699999999999999
8.399999999999999
14.999999999999998
25.999999999999993
12.299999999999999
14.999999999999996
14.899999999999999
8.2
4.8999999999999995
6.699999999999999
8.3
5.8999999999999995
3.9
27.099999999999998
12.799999999999999
21.199999999999996
9.4
23.299999999999994
39.300000000000004
9.2
21.499999999999996
5.8999999999999995
7.0
4.3
8.299999999999999
10.6
7.1
19.999999999999996
4.3
7.6
7.499999999999998
3.3999999999999995
12.7
10.899999999999999
12.0
5.1
5.0
29.399999999999995
9.5
8.7
8.7
6.6
18.499999999999996
3.3999999999999995
10.299999999999997
17.999999999999996
35.8
22.799999999999997
5.199999999999999
11.099999999999998
51.199999999999996
18.599999999999998
10.899999999999999
37.099999999999994
12.299999999999999
13.600000000000001
9.899999999999999
10.0
13.999999999999998
19.299999999999997
5.699999999999999
30.399999999999995
20.999999999999996
8.1
8.499999999999998
8.8
8.1
10.599999999999998
2.4
4.199999999999999
4.5
9.2
5.199999999999999
8.7
4.3
7.6000000000000005
10.2
3.8
6.8
5.6
49.999999999999986
4.0
4.8
11.899999999999999
8.7
11.999999999999998
5.3
23.0
6.299999999999999
8.2
44.89999999999999
17.199999999999996
8.8
4.499999999999999
6.699999999999999
5.0
7.5
4.4
4.4
9.899999999999999
9.7
34.599999999999994
6.199999999999998
11.1
8.200000000000001
7.5
5.7
6.8999999999999995
18.8
11.399999999999999
3.5
12.4
4.3999999999999995
5.6
2.6999999999999997
10.799999999999999
12.499999999999998
18.0
7.699999999999999
19.9
43.599999999999994
9.7
9.399999999999999
4.699999999999999
21.799999999999997
5.6
7.1
21.300000000000004
8.0
12.7
5.0
6.0
11.799999999999999
13.999999999999996
38.79999999999999
2.1
5.1
7.799999999999998
4.199999999999999
10.2
8.5
8.299999999999999
7.6
10.7
5.6
4.4
17.699999999999996
12.2
12.499999999999998
10.799999999999999
26.199999999999996
5.199999999999999
32.89999999999999
9.5
6.4
6.0
22.2
9.999999999999998
8.799999999999999
9.599999999999998
5.5
11.299999999999997
8.3
5.199999999999999
4.1
4.8999999999999995
7.499999999999999
4.5
24.199999999999996
6.9
7.299999999999999
8.999999999999998
16.799999999999997
15.6
20.199999999999996
9.5
4.8
7.7
4.1
11.599999999999998
9.099999999999998
32.199999999999996
10.0
7.8999999999999995
19.799999999999997
4.0
5.0
30.799999999999997
6.199999999999999
8.1
40.69999999999999
41.099999999999994
13.000000000000002
19.9
3.8999999999999995
9.399999999999999
7.799999999999999
8.599999999999998
12.799999999999999
35.599999999999994
8.899999999999999
7.799999999999998
12.9
26.399999999999995
4.699999999999999
3.3999999999999995
7.599999999999999
4.1
7.3999999999999995
2.1
5.999999999999999
28.6
10.0
7.0
15.399999999999997
4.8
6.999999999999999
20.9
24.699999999999996
8.9
14.899999999999999
5.699999999999999
7.0
9.2
10.7
42.39999999999999
27.099999999999998
5.7
14.599999999999998
4.8
11.7
8.0
12.399999999999999
6.8
6.0
22.799999999999994
3.6999999999999993
2.3
5.9
8.7
52.99999999999999
10.6
9.6
9.2
14.799999999999997
3.4999999999999996
7.8999999999999995
22.699999999999996
27.299999999999994
7.799999999999999
7.899999999999999
10.799999999999999
7.999999999999998
15.0
17.799999999999997
11.399999999999999
5.799999999999999
3.6999999999999997
7.9
12.4
7.899999999999999
13.5
9.5
12.5
11.5
7.599999999999999
7.8
10.7
4.9
16.199999999999996
9.899999999999999
2.4
12.599999999999998
6.7
11.5
4.699999999999999
10.399999999999999
5.1
10.0
8.299999999999999
6.299999999999999
8.6
29.299999999999997
3.1999999999999997
32.099999999999994
5.6000000000000005
6.3999999999999995
2.6999999999999997
65.1
6.499999999999999
11.7
12.999999999999996
9.6
5.199999999999999
8.3
5.699999999999999
5.5
13.9
34.3
6.2
8.399999999999999
11.899999999999999
6.699999999999999
6.299999999999999
15.799999999999999
12.7
10.099999999999998
12.799999999999999
6.8
7.4
6.5
35.5
3.0
10.7
4.1
7.4
8.1
7.899999999999999
4.199999999999999
8.499999999999998
19.5
11.099999999999998
10.999999999999998
9.2
4.4
5.6000000000000005
6.3999999999999995
5.699999999999999
13.899999999999999
12.299999999999999
4.8999999999999995
26.899999999999995
7.199999999999999
19.799999999999997
7.0
3.1999999999999997
22.200000000000003
9.599999999999998
4.3
9.399999999999999
4.5
4.2
3.7
8.399999999999999
13.599999999999998
14.099999999999998
11.3
8.899999999999999
12.6
12.299999999999999
16.799999999999997
10.399999999999999
51.19999999999999
6.8
4.5
30.799999999999997
6.899999999999999
5.499999999999999
20.799999999999997
14.799999999999999
17.799999999999997
33.099999999999994
10.5
8.099999999999998
6.2
8.3
11.299999999999999
25.599999999999994
7.4
10.599999999999998
8.2
9.899999999999999
7.6
7.399999999999999
8.0
7.999999999999999
15.0
8.1
10.299999999999999
4.6
20.099999999999994
19.499999999999996
2.3
9.599999999999998
12.399999999999999
13.099999999999998
3.1
14.899999999999999
20.9
5.8999999999999995
11.5
6.899999999999999
7.1
4.5
10.2
22.099999999999998
7.0
37.29999999999999
5.199999999999999
49.09999999999999
6.800000000000001
9.1
9.299999999999999
12.9
4.199999999999999
32.099999999999994
8.099999999999998
9.5
6.6
24.699999999999996
11.7
4.1
4.699999999999999
9.399999999999999
2.9
2.9
4.3
12.899999999999999
3.6
3.3
5.0
12.999999999999998
8.099999999999998
53.39999999999999
20.9
12.3
13.099999999999998
5.199999999999999
9.6
7.3
13.899999999999999
48.89999999999999
9.299999999999999
14.3
3.3
10.799999999999999
25.599999999999994
3.0
9.0
5.899999999999999
20.699999999999996
5.3999999999999995
7.8999999999999995
13.0
8.799999999999999
9.0
38.89999999999999
12.7
5.699999999999999
5.199999999999999
52.199999999999996
7.6
2.6999999999999997
9.2
3.5
3.8999999999999995
5.999999999999999
4.7
14.799999999999999
10.899999999999999
10.5
18.4
2.8
5.4
8.4
11.4
9.7
22.899999999999995
11.7
4.699999999999999
6.5
6.7
8.599999999999998
4.8999999999999995
7.4
11.7
10.2
7.699999999999999
