18.5
12.399999999999999
24.9
11.6
18.6
20.799999999999997
21.299999999999997
10.599999999999998
15.899999999999999
14.799999999999999
23.299999999999997
19.0
11.0
12.7
16.599999999999998
21.199999999999996
12.399999999999999
11.0
24.599999999999998
14.099999999999998
22.199999999999996
7.8999999999999995
12.699999999999998
9.799999999999999
7.8
33.599999999999994
17.299999999999997
9.299999999999999
18.799999999999997
15.0
7.999999999999998
18.4
18.199999999999996
26.599999999999998
13.899999999999999
28.099999999999994
11.7
35.39999999999999
7.3999999999999995
14.299999999999997
26.700000000000003
18.999999999999996
10.5
8.9
25.799999999999997
16.4
33.2
18.599999999999998
9.8
11.0
20.999999999999996
19.299999999999997
18.5
9.399999999999999
17.299999999999997
21.4
13.099999999999998
34.099999999999994
19.799999999999997
17.099999999999998
6.699999999999999
2.5999999999999996
11.799999999999999
11.399999999999999
24.099999999999994
29.299999999999997
16.6
10.899999999999999
13.5
18.699999999999996
9.1
24.0
18.8
7.299999999999999
26.0
11.099999999999998
11.7
11.5
19.099999999999998
7.6
25.199999999999996
8.8
10.100000000000001
13.199999999999998
28.299999999999997
8.399999999999999
15.0
20.9
23.599999999999994
17.5
20.6
8.7
23.5
