11.399999999999997
17.299999999999997
16.599999999999998
12.0
11.999999999999998
5.1
12.6
39.0
23.5
11.5
21.4
18.599999999999998
12.1
11.299999999999997
11.899999999999999
21.599999999999998
18.299999999999997
12.899999999999999
10.2
11.2
27.5
7.5
15.6
14.299999999999999
11.799999999999997
18.299999999999997
7.499999999999999
5.6
9.199999999999998
9.1
16.5
10.2
17.799999999999997
26.5
16.9
19.9
31.199999999999996
6.4
8.599999999999998
22.399999999999995
10.899999999999999
17.799999999999997
8.0
10.7
12.499999999999998
13.2
16.4
14.7
18.799999999999997
19.7
25.599999999999998
21.299999999999997
21.0
17.7
16.599999999999998
4.5
19.099999999999998
16.4
9.399999999999999
16.499999999999996
9.899999999999999
13.2
11.799999999999999
11.5
14.299999999999997
7.800000000000001
35.39999999999999
15.499999999999998
13.499999999999998
15.199999999999998
14.399999999999997
9.499999999999998
13.399999999999999
11.899999999999997
9.099999999999998
10.8
11.099999999999998
15.7
14.899999999999997
12.4
26.2
4.8
24.599999999999998
8.2
19.1
17.799999999999997
8.0
14.1
4.3999999999999995
12.2
9.7
29.0
12.2
12.899999999999999
25.7
13.499999999999998
2.4
6.8
18.699999999999996
8.699999999999998
13.8
18.999999999999996
14.399999999999999
21.299999999999997
42.19999999999999
9.3
17.9
12.599999999999998
8.3
35.199999999999996
10.7
17.099999999999998
4.6
15.1
10.0
26.099999999999994
10.100000000000001
11.799999999999999
20.699999999999996
12.299999999999999
6.199999999999999
11.0
13.1
12.999999999999996
16.2
7.199999999999999
18.2
9.2
